kroA5=[1,1380,939;2,2848,96;3,3510,1671;4,457,334;5,3888,666];
kroB5=[1,3140,1401;2,556,1056;3,3675,1522;4,1182,1853;5,3595,111];
